-90.36733689890423
-88.8425440203928
-87.33397404914011
-85.84342527464474
-84.37255594141342
-82.92287727549598
-81.4957489747015
-80.09237705772924
-78.71381391183704
-77.36096033516294
-76.03456933883666
-74.73525145522405
-73.46348129107905
-72.21960506662988
-71.00384889202118
-69.81632754927834
-68.65705356927896
-67.52594641745365
-66.42284162763191
-65.34749974936399
-91.60520867850785
-90.08041579999642
-88.57184582874373
-87.08129705424837
-85.61042772101705
-84.1607490550996
-82.73362075430512
-81.33024883733286
-79.95168569144066
-78.59883211476657
-77.27244111844028
-75.97312323482767
-74.70135307068269
-73.4574768462335
-72.2417206716248
-71.05419932888196
-69.89492534888258
-68.76381819705728
-67.66071340723553
-66.58537152896761
-92.84308045811149
-91.31828757960005
-89.80971760834738
-88.319168833852
-86.84829950062068
-85.39862083470324
-83.97149253390876
-82.5681206169365
-81.1895574710443
-79.8367038943702
-78.51031289804394
-77.2109950144313
-75.93922485028631
-74.69534862583714
-73.47959245122844
-72.2920711084856
-71.1327971284862
-70.00168997666091
-68.89858518683917
-67.82324330857124
-94.08095223771512
-92.55615935920369
-91.047589387951
-89.55704061345564
-88.0861712802243
-86.63649261430687
-85.2093643135124
-83.80599239654013
-82.42742925064793
-81.07457567397384
-79.74818467764756
-78.44886679403494
-77.17709662988995
-75.93322040544078
-74.71746423083208
-73.52994288808924
-72.37066890808985
-71.23956175626455
-70.13645696644281
-69.06111508817489
-95.31882401731875
-93.79403113880731
-92.28546116755463
-90.79491239305926
-89.32404305982794
-87.8743643939105
-86.44723609311602
-85.04386417614376
-83.66530103025156
-82.31244745357746
-80.98605645725118
-79.68673857363856
-78.41496840949357
-77.1710921850444
-75.9553360104357
-74.76781466769286
-73.60854068769348
-72.47743353586817
-71.37432874604643
-70.29898686777851
-96.55669579692238
-95.03190291841095
-93.52333294715827
-92.0327841726629
-90.56191483943157
-89.11223617351413
-87.68510787271966
-86.2817359557474
-84.90317280985519
-83.5503192331811
-82.22392823685482
-80.9246103532422
-79.6528401890972
-78.40896396464804
-77.19320779003934
-76.0056864472965
-74.8464124672971
-73.71530531547181
-72.61220052565007
-71.53685864738213
-97.794567576526
-96.26977469801457
-94.76120472676189
-93.27065595226652
-91.79978661903519
-90.35010795311776
-88.92297965232328
-87.51960773535102
-86.14104458945882
-84.78819101278472
-83.46180001645844
-82.16248213284582
-80.89071196870083
-79.64683574425166
-78.43107956964296
-77.24355822690012
-76.08428424690072
-74.95317709507543
-73.85007230525369
-72.77473042698576
-99.03243935612964
-97.50764647761821
-95.99907650636553
-94.50852773187016
-93.03765839863883
-91.5879797327214
-90.16085143192691
-88.75747951495464
-87.37891636906245
-86.02606279238836
-84.69967179606206
-83.40035391244946
-82.12858374830446
-80.8847075238553
-79.6689513492466
-78.48143000650376
-77.32215602650437
-76.19104887467907
-75.08794408485733
-74.0126022065894
-100.27031113573328
-98.74551825722185
-97.23694828596916
-95.7463995114738
-94.27553017824246
-92.82585151232503
-91.39872321153055
-89.99535129455828
-88.61678814866609
-87.263934571992
-85.93754357566571
-84.6382256920531
-83.3664555279081
-82.12257930345893
-80.90682312885023
-79.7193017861074
-78.560027806108
-77.4289206542827
-76.32581586446096
-75.25047398619303
-101.5081829153369
-99.98339003682547
-98.47482006557279
-96.98427129107742
-95.51340195784609
-94.06372329192865
-92.63659499113417
-91.2332230741619
-89.85465992826971
-88.50180635159562
-87.17541535526934
-85.87609747165672
-84.60432730751172
-83.36045108306256
-82.14469490845386
-80.95717356571102
-79.79789958571162
-78.66679243388633
-77.56368764406459
-76.48834576579665
-87.65740138139357
-86.13260850288212
-84.62403853162945
-83.13348975713409
-81.66262042390275
-80.2129417579853
-78.78581345719084
-77.38244154021857
-76.00387839432638
-74.65102481765229
-73.324633821326
-72.02531593771337
-70.75354577356839
-69.50966954911922
-68.29391337451052
-67.10639203176768
-65.94711805176829
-64.81601089994298
-63.712906110121246
-62.63756423185331
-88.86181716695386
-87.33702428844242
-85.82845431718974
-84.33790554269437
-82.86703620946304
-81.4173575435456
-79.99022924275113
-78.58685732577887
-77.20829417988666
-75.85544060321257
-74.52904960688629
-73.22973172327367
-71.95796155912868
-70.71408533467951
-69.49832916007081
-68.31080781732797
-67.15153383732857
-66.02042668550328
-64.91732189568154
-63.841980017413604
-90.06623295251416
-88.54144007400271
-87.03287010275004
-85.54232132825467
-84.07145199502334
-82.6217733291059
-81.19464502831143
-79.79127311133915
-78.41270996544696
-77.05985638877287
-75.73346539244659
-74.43414750883397
-73.16237734468898
-71.91850112023981
-70.70274494563111
-69.51522360288827
-68.35594962288887
-67.22484247106357
-66.12173768124183
-65.04639580297389
-91.27064873807443
-89.745855859563
-88.23728588831031
-86.74673711381494
-85.27586778058362
-83.82618911466618
-82.3990608138717
-80.99568889689944
-79.61712575100724
-78.26427217433314
-76.93788117800686
-75.63856329439425
-74.36679313024926
-73.12291690580008
-71.90716073119138
-70.71963938844854
-69.56036540844916
-68.42925825662385
-67.32615346680211
-66.25081158853419
-92.47506452363473
-90.95027164512328
-89.4417016738706
-87.95115289937524
-86.48028356614391
-85.03060490022648
-83.603476599432
-82.20010468245972
-80.82154153656754
-79.46868795989344
-78.14229696356715
-76.84297907995455
-75.57120891580955
-74.32733269136038
-73.11157651675168
-71.92405517400884
-70.76478119400946
-69.63367404218415
-68.53056925236241
-67.45522737409449
-93.67948030919501
-92.15468743068358
-90.6461174594309
-89.15556868493553
-87.68469935170421
-86.23502068578676
-84.80789238499229
-83.40452046802002
-82.02595732212782
-80.67310374545373
-79.34671274912745
-78.04739486551483
-76.77562470136985
-75.53174847692067
-74.31599230231198
-73.12847095956914
-71.96919697956976
-70.83808982774444
-69.7349850379227
-68.65964315965478
-94.8838960947553
-93.35910321624387
-91.85053324499118
-90.35998447049582
-88.88911513726448
-87.43943647134705
-86.01230817055257
-84.6089362535803
-83.23037310768811
-81.87751953101402
-80.55112853468773
-79.25181065107512
-77.98004048693012
-76.73616426248095
-75.52040808787226
-74.33288674512941
-73.17361276513002
-72.04250561330473
-70.93940082348298
-69.86405894521505
-96.08831188031559
-94.56351900180414
-93.05494903055146
-91.5644002560561
-90.09353092282477
-88.64385225690732
-87.21672395611286
-85.81335203914058
-84.4347888932484
-83.0819353165743
-81.755544320248
-80.45622643663539
-79.18445627249041
-77.94058004804124
-76.72482387343254
-75.5373025306897
-74.37802855069032
-73.246921398865
-72.14381660904326
-71.06847473077534
-97.29272766587589
-95.76793478736445
-94.25936481611177
-92.7688160416164
-91.29794670838507
-89.84826804246764
-88.42113974167316
-87.01776782470088
-85.6392046788087
-84.2863511021346
-82.95996010580832
-81.6606422221957
-80.38887205805071
-79.14499583360154
-77.92923965899284
-76.74171831625
-75.5824443362506
-74.45133718442531
-73.34823239460357
-72.27289051633564
-98.49714345143617
-96.97235057292473
-95.46378060167204
-93.97323182717669
-92.50236249394536
-91.05268382802792
-89.62555552723344
-88.22218361026117
-86.84362046436898
-85.49076688769489
-84.16437589136859
-82.86505800775599
-81.593287843611
-80.34941161916183
-79.13365544455313
-77.94613410181029
-76.7868601218109
-75.65575296998558
-74.55264818016384
-73.47730630189592
-85.09009404901508
-83.56530117050363
-82.05673119925095
-80.5661824247556
-79.09531309152426
-77.64563442560681
-76.21850612481235
-74.81513420784007
-73.43657106194789
-72.0837174852738
-70.7573264889475
-69.45800860533488
-68.1862384411899
-66.94236221674073
-65.72660604213203
-64.53908469938919
-63.3798107193898
-62.24870356756449
-61.145598777742755
-60.070256899474835
-86.26281468232376
-84.73802180381233
-83.22945183255966
-81.73890305806428
-80.26803372483296
-78.81835505891551
-77.39122675812104
-75.98785484114877
-74.60929169525659
-73.2564381185825
-71.93004712225621
-70.63072923864358
-69.3589590744986
-68.11508285004943
-66.89932667544073
-65.71180533269789
-64.5525313526985
-63.42142420087319
-62.31831941105145
-61.24297753278351
-87.43553531563248
-85.91074243712104
-84.40217246586836
-82.911623691373
-81.44075435814166
-79.99107569222423
-78.56394739142975
-77.16057547445749
-75.78201232856529
-74.4291587518912
-73.10276775556491
-71.8034498719523
-70.5316797078073
-69.28780348335813
-68.07204730874943
-66.88452596600659
-65.7252519860072
-64.5941448341819
-63.49104004436016
-62.41569816609223
-88.60825594894118
-87.08346307042974
-85.57489309917705
-84.0843443246817
-82.61347499145036
-81.16379632553293
-79.73666802473845
-78.33329610776617
-76.95473296187399
-75.6018793851999
-74.2754883888736
-72.976170505261
-71.704400341116
-70.46052411666683
-69.24476794205813
-68.05724659931529
-66.89797261931591
-65.7668654674906
-64.66376067766886
-63.588418799400934
-89.78097658224988
-88.25618370373844
-86.74761373248576
-85.2570649579904
-83.78619562475906
-82.33651695884163
-80.90938865804715
-79.50601674107487
-78.12745359518269
-76.7746000185086
-75.44820902218231
-74.1488911385697
-72.8771209744247
-71.63324474997553
-70.41748857536683
-69.22996723262399
-68.0706932526246
-66.9395861007993
-65.83648131097756
-64.76113943270963
-90.95369721555859
-89.42890433704714
-87.92033436579447
-86.42978559129911
-84.95891625806777
-83.50923759215033
-82.08210929135586
-80.67873737438359
-79.3001742284914
-77.94732065181731
-76.62092965549103
-75.3216117718784
-74.04984160773341
-72.80596538328425
-71.59020920867555
-70.4026878659327
-69.24341388593331
-68.112306734108
-67.00920194428626
-65.93386006601833
-92.12641784886729
-90.60162497035584
-89.09305499910316
-87.60250622460781
-86.13163689137647
-84.68195822545903
-83.25482992466456
-81.85145800769229
-80.4728948618001
-79.120041285126
-77.79365028879971
-76.4943324051871
-75.22256224104211
-73.97868601659295
-72.76292984198425
-71.5754084992414
-70.41613451924202
-69.2850273674167
-68.18192257759496
-67.10658069932704
-93.29913848217598
-91.77434560366454
-90.26577563241187
-88.7752268579165
-87.30435752468517
-85.85467885876773
-84.42755055797325
-83.02417864100099
-81.64561549510879
-80.29276191843469
-78.96637092210842
-77.6670530384958
-76.39528287435081
-75.15140664990163
-73.93565047529295
-72.74812913255009
-71.5888551525507
-70.4577480007254
-69.35464321090366
-68.27930133263573
-94.47185911548469
-92.94706623697326
-91.43849626572057
-89.94794749122521
-88.47707815799387
-87.02739949207644
-85.60027119128196
-84.1968992743097
-82.8183361284175
-81.4654825517434
-80.13909155541712
-78.83977367180451
-77.56800350765951
-76.32412728321034
-75.10837110860165
-73.9208497658588
-72.7615757858594
-71.63046863403412
-70.52736384421237
-69.45202196594444
-95.64457974879339
-94.11978687028196
-92.61121689902926
-91.1206681245339
-89.64979879130257
-88.20012012538514
-86.77299182459066
-85.36961990761839
-83.9910567617262
-82.6382031850521
-81.31181218872581
-80.01249430511321
-78.74072414096821
-77.49684791651904
-76.28109174191034
-75.0935703991675
-73.93429641916812
-72.80318926734282
-71.70008447752107
-70.62474259925315
-82.65444350291237
-81.12965062440092
-79.62108065314825
-78.13053187865289
-76.65966254542155
-75.20998387950412
-73.78285557870964
-72.37948366173737
-71.00092051584518
-69.64806693917109
-68.3216759428448
-67.02235805923219
-65.7505878950872
-64.50671167063803
-63.290955496029326
-62.103434153286486
-60.94416017328709
-59.81305302146179
-58.70994823164005
-57.634606353372114
-83.79709437639264
-82.27230149788119
-80.76373152662852
-79.27318275213315
-77.80231341890182
-76.35263475298439
-74.92550645218991
-73.52213453521763
-72.14357138932544
-70.79071781265135
-69.46432681632507
-68.16500893271245
-66.89323876856746
-65.64936254411829
-64.43360636950959
-63.24608502676675
-62.08681104676735
-60.955703894942054
-59.85259910512031
-58.77725722685238
-84.93974524987291
-83.41495237136148
-81.90638240010881
-80.41583362561343
-78.94496429238211
-77.49528562646466
-76.06815732567019
-74.66478540869792
-73.28622226280572
-71.93336868613163
-70.60697768980536
-69.30765980619273
-68.03588964204775
-66.79201341759857
-65.57625724298987
-64.38873590024703
-63.22946192024764
-62.09835476842234
-60.9952499786006
-59.91990810033266
-86.08239612335319
-84.55760324484176
-83.04903327358906
-81.55848449909371
-80.08761516586237
-78.63793649994494
-77.21080819915046
-75.80743628217819
-74.428873136286
-73.07601955961191
-71.74962856328561
-70.45031067967301
-69.17854051552801
-67.93466429107885
-66.71890811647015
-65.5313867737273
-64.37211279372792
-63.24100564190261
-62.137900852080875
-61.06255897381295
-87.22504699683346
-85.70025411832202
-84.19168414706932
-82.70113537257397
-81.23026603934264
-79.7805873734252
-78.35345907263073
-76.95008715565845
-75.57152400976626
-74.21867043309217
-72.89227943676588
-71.59296155315327
-70.32119138900828
-69.07731516455911
-67.86155898995041
-66.67403764720757
-65.51476366720819
-64.38365651538288
-63.28055172556113
-62.20520984729321
-88.36769787031375
-86.8429049918023
-85.33433502054962
-83.84378624605426
-82.37291691282293
-80.92323824690548
-79.49610994611102
-78.09273802913874
-76.71417488324656
-75.36132130657246
-74.03493031024617
-72.73561242663355
-71.46384226248857
-70.2199660380394
-69.0042098634307
-67.81668852068786
-66.65741454068848
-65.52630738886316
-64.42320259904142
-63.3478607207735
-89.51034874379401
-87.98555586528258
-86.47698589402991
-84.98643711953453
-83.51556778630321
-82.06588912038576
-80.63876081959128
-79.23538890261902
-77.85682575672682
-76.50397218005273
-75.17758118372646
-73.87826330011383
-72.60649313596885
-71.36261691151967
-70.14686073691097
-68.95933939416813
-67.80006541416874
-66.66895826234344
-65.5658534725217
-64.49051159425376
-90.65299961727428
-89.12820673876284
-87.61963676751016
-86.12908799301479
-84.65821865978346
-83.20853999386603
-81.78141169307155
-80.37803977609929
-78.99947663020708
-77.64662305353299
-76.32023205720671
-75.0209141735941
-73.7491440094491
-72.50526778499993
-71.28951161039123
-70.10199026764839
-68.94271628764899
-67.8116091358237
-66.70850434600196
-65.63316246773402
-91.79565049075457
-90.27085761224312
-88.76228764099045
-87.27173886649508
-85.80086953326375
-84.35119086734632
-82.92406256655184
-81.52069064957956
-80.14212750368738
-78.78927392701328
-77.462882930687
-76.16356504707439
-74.89179488292939
-73.64791865848022
-72.43216248387152
-71.24464114112868
-70.08536716112928
-68.95426000930398
-67.85115521948225
-66.77581334121432
-92.93830136423483
-91.41350848572338
-89.90493851447071
-88.41438973997535
-86.94352040674401
-85.49384174082657
-84.0667134400321
-82.66334152305983
-81.28477837716764
-79.93192480049355
-78.60553380416727
-77.30621592055464
-76.03444575640965
-74.79056953196049
-73.57481335735179
-72.38729201460895
-71.22801803460955
-70.09691088278424
-68.9938060929625
-67.91846421469457
-80.34057548411482
-78.81578260560339
-77.3072126343507
-75.81666385985534
-74.345794526624
-72.89611586070657
-71.4689875599121
-70.06561564293982
-68.68705249704763
-67.33419892037354
-66.00780792404726
-64.70849004043464
-63.436719876289644
-62.19284365184048
-60.97708747723178
-59.789566134488936
-58.63029215448954
-57.49918500266424
-56.3960802128425
-55.32073833457457
-81.45466008575809
-79.92986720724664
-78.42129723599398
-76.93074846149861
-75.45987912826727
-74.01020046234983
-72.58307216155536
-71.17970024458309
-69.8011370986909
-68.44828352201681
-67.12189252569053
-65.8225746420779
-64.55080447793291
-63.30692825348374
-62.09117207887504
-60.9036507361322
-59.74437675613281
-58.613269604307504
-57.51016481448576
-56.434822936217834
-82.56874468740136
-81.04395180888993
-79.53538183763723
-78.04483306314188
-76.57396372991055
-75.12428506399311
-73.69715676319863
-72.29378484622636
-70.91522170033417
-69.56236812366008
-68.23597712733378
-66.93665924372118
-65.66488907957618
-64.42101285512702
-63.20525668051832
-62.01773533777548
-60.85846135777609
-59.72735420595078
-58.62424941612904
-57.54890753786112
-83.68282928904462
-82.15803641053319
-80.6494664392805
-79.15891766478514
-77.68804833155382
-76.23836966563637
-74.81124136484189
-73.40786944786963
-72.02930630197744
-70.67645272530335
-69.35006172897705
-68.05074384536444
-66.77897368121945
-65.53509745677029
-64.31934128216159
-63.13181993941874
-61.97254595941936
-60.841438807594045
-59.7383340177723
-58.66299213950438
-84.79691389068789
-83.27212101217646
-81.76355104092376
-80.2730022664284
-78.80213293319707
-77.35245426727964
-75.92532596648516
-74.52195404951289
-73.1433909036207
-71.7905373269466
-70.46414633062031
-69.16482844700771
-67.89305828286271
-66.64918205841354
-65.43342588380484
-64.245904541062
-63.08663056106262
-61.95552340923731
-60.852418619415566
-59.777076741147646
-85.91099849233116
-84.38620561381973
-82.87763564256706
-81.38708686807168
-79.91621753484036
-78.46653886892291
-77.03941056812843
-75.63603865115617
-74.25747550526397
-72.90462192858988
-71.57823093226361
-70.27891304865098
-69.007142884506
-67.76326666005681
-66.54751048544811
-65.35998914270527
-64.20071516270589
-63.069608010880586
-61.966503221058844
-60.89116134279091
-87.02508309397443
-85.50029021546298
-83.99172024421031
-82.50117146971495
-81.03030213648361
-79.58062347056618
-78.1534951697717
-76.75012325279943
-75.37156010690724
-74.01870653023315
-72.69231553390686
-71.39299765029425
-70.12122748614925
-68.87735126170008
-67.66159508709138
-66.47407374434854
-65.31479976434915
-64.18369261252386
-63.08058782270211
-62.00524594443417
-88.13916769561769
-86.61437481710625
-85.10580484585358
-83.6152560713582
-82.14438673812688
-80.69470807220944
-79.26757977141496
-77.8642078544427
-76.4856447085505
-75.1327911318764
-73.80640013555013
-72.5070822519375
-71.23531208779252
-69.99143586334334
-68.77567968873466
-67.5881583459918
-66.42888436599242
-65.29777721416711
-64.19467242434537
-63.119330546077435
-89.25325229726096
-87.72845941874951
-86.21988944749684
-84.72934067300147
-83.25847133977014
-81.80879267385271
-80.38166437305823
-78.97829245608595
-77.59972931019377
-76.24687573351967
-74.92048473719339
-73.62116685358077
-72.34939668943578
-71.10552046498661
-69.88976429037791
-68.70224294763507
-67.54296896763567
-66.41186181581038
-65.30875702598864
-64.2334151477207
-90.36733689890421
-88.84254402039278
-87.33397404914011
-85.84342527464473
-84.37255594141341
-82.92287727549596
-81.49574897470148
-80.09237705772922
-78.71381391183702
-77.36096033516293
-76.03456933883666
-74.73525145522403
-73.46348129107905
-72.21960506662987
-71.00384889202118
-69.81632754927833
-68.65705356927894
-67.52594641745364
-66.4228416276319
-65.34749974936396
-78.13957907599033
-76.61478619747888
-75.1062162262262
-73.61566745173084
-72.14479811849951
-70.69511945258208
-69.2679911517876
-67.86461923481532
-66.48605608892314
-65.13320251224904
-63.806811515922746
-62.50749363231014
-61.23572346816515
-59.99184724371598
-58.77609106910728
-57.58856972636444
-56.42929574636505
-55.298188594539745
-54.195083804718
-53.119741926450075
-79.22649088247155
-77.70169800396012
-76.19312803270745
-74.70257925821208
-73.23170992498075
-71.7820312590633
-70.35490295826884
-68.95153104129656
-67.57296789540437
-66.22011431873028
-64.893723322404
-63.59440543879138
-62.32263527464638
-61.07875905019721
-59.86300287558851
-58.67548153284567
-57.516207552846275
-56.38510040102098
-55.281995611199235
-54.20665373293131
-80.31340268895279
-78.78860981044136
-77.28003983918867
-75.78949106469331
-74.31862173146199
-72.86894306554454
-71.44181476475006
-70.0384428477778
-68.6598797018856
-67.30702612521151
-65.98063512888523
-64.68131724527261
-63.40954708112762
-62.16567085667845
-60.94991468206975
-59.76239333932691
-58.60311935932753
-57.47201220750222
-56.368907417680475
-55.29356553941255
-81.40031449543403
-79.8755216169226
-78.36695164566991
-76.87640287117455
-75.40553353794321
-73.95585487202578
-72.5287265712313
-71.12535465425903
-69.74679150836684
-68.39393793169275
-67.06754693536647
-65.76822905175385
-64.49645888760885
-63.252582663159686
-62.036826488550986
-60.849305145808145
-59.69003116580875
-58.55892401398345
-57.45581922416171
-56.38047734589378
-82.48722630191527
-80.96243342340382
-79.45386345215114
-77.96331467765579
-76.49244534442445
-75.04276667850702
-73.61563837771254
-72.21226646074027
-70.83370331484808
-69.48084973817399
-68.15445874184769
-66.85514085823509
-65.58337069409009
-64.33949446964093
-63.123738295032226
-61.936216952289385
-60.77694297229
-59.64583582046469
-58.54273103064295
-57.46738915237503
-83.5741381083965
-82.04934522988506
-80.5407752586324
-79.05022648413701
-77.5793571509057
-76.12967848498825
-74.70255018419377
-73.2991782672215
-71.92061512132932
-70.56776154465523
-69.24137054832894
-67.94205266471631
-66.67028250057133
-65.42640627612217
-64.21065010151347
-63.02312875877062
-61.86385477877122
-60.73274762694592
-59.62964283712418
-58.554300958856246
-84.66104991487774
-83.1362570363663
-81.62768706511362
-80.13713829061825
-78.66626895738692
-77.21659029146949
-75.78946199067501
-74.38609007370275
-73.00752692781055
-71.65467335113645
-70.32828235481017
-69.02896447119755
-67.75719430705256
-66.51331808260339
-65.29756190799469
-64.11004056525185
-62.950766585252474
-61.81965943342716
-60.71655464360542
-59.6412127653375
-85.74796172135898
-84.22316884284754
-82.71459887159486
-81.2240500970995
-79.75318076386816
-78.30350209795073
-76.87637379715625
-75.47300188018397
-74.09443873429178
-72.74158515761769
-71.41519416129141
-70.1158762776788
-68.8441061135338
-67.60022988908463
-66.38447371447593
-65.19695237173309
-64.03767839173369
-62.906571239908395
-61.80346645008665
-60.72812457181872
-86.83487352784023
-85.31008064932878
-83.80151067807611
-82.31096190358075
-80.84009257034941
-79.39041390443197
-77.9632856036375
-76.55991368666523
-75.18135054077304
-73.82849696409895
-72.50210596777266
-71.20278808416003
-69.93101792001505
-68.68714169556588
-67.47138552095718
-66.28386417821434
-65.12459019821495
-63.99348304638964
-62.89037825656791
-61.81503637829997
-87.92178533432144
-86.39699245581001
-84.88842248455734
-83.39787371006196
-81.92700437683064
-80.47732571091319
-79.05019741011871
-77.64682549314645
-76.26826234725425
-74.91540877058016
-73.58901777425389
-72.28969989064126
-71.01792972649628
-69.7740535020471
-68.55829732743841
-67.37077598469557
-66.21150200469617
-65.08039485287087
-63.977290063049125
-62.90194818478119
-76.04339202063363
-74.5185991421222
-73.01002917086953
-71.51948039637415
-70.04861106314283
-68.59893239722538
-67.1718040964309
-65.76843217945864
-64.38986903356644
-63.037015456892355
-61.71062446056607
-60.41130657695345
-59.13953641280846
-57.895660188359294
-56.679904013750594
-55.49238267100775
-54.33310869100836
-53.20200153918306
-52.098896749361316
-51.02355487109339
-77.10442497457962
-75.57963209606817
-74.0710621248155
-72.58051335032013
-71.1096440170888
-69.65996535117137
-68.23283705037689
-66.82946513340461
-65.45090198751242
-64.09804841083833
-62.77165741451205
-61.472339530899426
-60.200569366754436
-58.95669314230527
-57.74093696769657
-56.55341562495373
-55.39414164495434
-54.263034493129034
-53.15992970330729
-52.084587825039364
-78.16545792852558
-76.64066505001415
-75.13209507876147
-73.6415463042661
-72.17067697103477
-70.72099830511733
-69.29387000432286
-67.8904980873506
-66.51193494145839
-65.1590813647843
-63.832690368458024
-62.5333724848454
-61.26160232070041
-60.01772609625124
-58.801969921642545
-57.6144485788997
-56.455174598900314
-55.32406744707501
-54.22096265725327
-53.14562077898534
-79.22649088247155
-77.7016980039601
-76.19312803270742
-74.70257925821207
-73.23170992498073
-71.78203125906329
-70.35490295826882
-68.95153104129655
-67.57296789540436
-66.22011431873027
-64.89372332240397
-63.59440543879136
-62.32263527464637
-61.0787590501972
-59.8630028755885
-58.67548153284566
-57.516207552846275
-56.38510040102097
-55.28199561119923
-54.2066537329313
-80.28752383641752
-78.76273095790609
-77.25416098665339
-75.76361221215804
-74.2927428789267
-72.84306421300927
-71.41593591221479
-70.01256399524252
-68.63400084935033
-67.28114727267624
-65.95475627634994
-64.65543839273734
-63.38366822859234
-62.139792004143175
-60.924035829534475
-59.736514486791634
-58.57724050679225
-57.44613335496694
-56.3430285651452
-55.26768668687727
-81.34855679036349
-79.82376391185205
-78.31519394059937
-76.824645166104
-75.35377583287269
-73.90409716695524
-72.47696886616076
-71.0735969491885
-69.6950338032963
-68.3421802266222
-67.01578923029592
-65.7164713466833
-64.44470118253832
-63.20082495808915
-61.98506878348045
-60.79754744073761
-59.638273460738226
-58.507166308912915
-57.40406151909117
-56.328719640823245
-82.40958974430946
-80.88479686579801
-79.37622689454534
-77.88567812004997
-76.41480878681864
-74.96513012090121
-73.53800182010673
-72.13462990313445
-70.75606675724227
-69.40321318056817
-68.07682218424189
-66.77750430062927
-65.50573413648428
-64.26185791203511
-63.04610173742641
-61.85858039468357
-60.69930641468417
-59.568199262858876
-58.465094473037134
-57.3897525947692
-83.47062269825541
-81.94582981974398
-80.4372598484913
-78.94671107399593
-77.47584174076461
-76.02616307484716
-74.59903477405268
-73.19566285708042
-71.81709971118822
-70.46424613451413
-69.13785513818785
-67.83853725457523
-66.56676709043023
-65.32289086598107
-64.10713469137237
-62.91961334862953
-61.76033936863015
-60.62923221680484
-59.526127426983095
-58.450785548715174
-84.53165565220141
-83.00686277368996
-81.49829280243729
-80.00774402794192
-78.53687469471059
-77.08719602879314
-75.66006772799868
-74.2566958110264
-72.87813266513422
-71.52527908846012
-70.19888809213384
-68.89957020852121
-67.62780004437623
-66.38392381992706
-65.16816764531836
-63.980646302575515
-62.821372322576124
-61.69026517075082
-60.587160380929085
-59.51181850266115
-85.59268860614736
-84.06789572763593
-82.55932575638323
-81.06877698188788
-79.59790764865654
-78.14822898273911
-76.72110068194463
-75.31772876497236
-73.93916561908017
-72.58631204240608
-71.25992104607978
-69.96060316246718
-68.68883299832218
-67.44495677387302
-66.22920059926432
-65.04167925652148
-63.88240527652209
-62.75129812469678
-61.648193334875046
-60.57285145660712
-74.04470203761913
-72.5199091591077
-71.01133918785503
-69.52079041335965
-68.04992108012833
-66.60024241421088
-65.1731141134164
-63.769742196444135
-62.39117905055195
-61.038325473877855
-59.71193447755157
-58.41261659393895
-57.14084642979396
-55.89697020534479
-54.68121403073609
-53.49369268799325
-52.33441870799386
-51.20331155616856
-50.100206766346815
-49.02486488807889
-75.08105980658961
-73.55626692807817
-72.04769695682549
-70.55714818233012
-69.08627884909879
-67.63660018318136
-66.20947188238688
-64.80609996541462
-63.427536819522416
-62.07468324284832
-60.74829224652205
-59.448974362909425
-58.177204198764436
-56.93332797431526
-55.71757179970657
-54.53005045696373
-53.37077647696434
-52.23966932513903
-51.13656453531729
-50.06122265704936
-76.1174175755601
-74.59262469704866
-73.08405472579597
-71.59350595130061
-70.12263661806928
-68.67295795215185
-67.24582965135737
-65.84245773438509
-64.4638945884929
-63.11104101181881
-61.784650015492524
-60.485332131879915
-59.21356196773492
-57.96968574328575
-56.75392956867705
-55.56640822593421
-54.40713424593482
-53.276027094109516
-52.17292230428777
-51.097580426019846
-77.15377534453059
-75.62898246601914
-74.12041249476647
-72.6298637202711
-71.15899438703977
-69.70931572112234
-68.28218742032786
-66.87881550335558
-65.5002523574634
-64.1473987807893
-62.82100778446302
-61.5216899008504
-60.24991973670541
-59.00604351225624
-57.79028733764754
-56.6027659949047
-55.44349201490531
-54.312384863080005
-53.20928007325826
-52.133938194990336
-78.19013311350106
-76.66534023498961
-75.15677026373695
-73.66622148924158
-72.19535215601024
-70.74567349009281
-69.31854518929833
-67.91517327232606
-66.53661012643387
-65.18375654975978
-63.857365553433496
-62.55804766982087
-61.28627750567588
-60.04240128122672
-58.82664510661802
-57.639123763875176
-56.479849783875785
-55.34874263205048
-54.24563784222874
-53.17029596396081
-79.22649088247155
-77.7016980039601
-76.19312803270742
-74.70257925821207
-73.23170992498073
-71.78203125906329
-70.35490295826882
-68.95153104129655
-67.57296789540436
-66.22011431873027
-64.89372332240397
-63.59440543879136
-62.32263527464637
-61.0787590501972
-59.8630028755885
-58.67548153284566
-57.516207552846275
-56.38510040102097
-55.28199561119923
-54.2066537329313
-80.26284865144203
-78.73805577293058
-77.2294858016779
-75.73893702718254
-74.26806769395121
-72.81838902803376
-71.3912607272393
-69.98788881026702
-68.60932566437484
-67.25647208770074
-65.93008109137445
-64.63076320776183
-63.35899304361684
-62.115116819167675
-60.899360644558975
-59.711839301816134
-58.55256532181675
-57.42145816999144
-56.318353380169704
-55.243011501901776
-81.29920642041249
-79.77441354190105
-78.26584357064837
-76.77529479615302
-75.30442546292169
-73.85474679700424
-72.42761849620977
-71.0242465792375
-69.64568343334531
-68.29282985667122
-66.96643886034492
-65.6671209767323
-64.39535081258732
-63.15147458813815
-61.93571841352945
-60.74819707078661
-59.588923090787226
-58.457815938961915
-57.35471114914017
-56.279369270872245
-82.33556418938298
-80.81077131087154
-79.30220133961888
-77.8116525651235
-76.34078323189217
-74.89110456597473
-73.46397626518025
-72.06060434820799
-70.68204120231579
-69.3291876256417
-68.00279662931543
-66.7034787457028
-65.43170858155781
-64.18783235710863
-62.97207618249994
-61.7845548397571
-60.6252808597577
-59.494173707932404
-58.39106891811066
-57.31572703984273
-83.37192195835347
-81.84712907984203
-80.33855910858935
-78.84801033409398
-77.37714100086265
-75.92746233494522
-74.50033403415074
-73.09696211717848
-71.71839897128628
-70.36554539461218
-69.0391543982859
-67.73983651467329
-66.46806635052829
-65.22419012607912
-64.00843395147042
-62.82091260872759
-61.661638628728205
-60.530531476902894
-59.42742668708115
-58.35208480881323
-72.13686159928712
-70.61206872077568
-69.103498749523
-67.61294997502763
-66.14208064179631
-64.69240197587887
-63.265273675084394
-61.86190175811212
-60.48333861221993
-59.13048503554584
-57.80409403921954
-56.50477615560693
-55.233005991461944
-53.98912976701278
-52.77337359240408
-51.58585224966124
-50.426578269661846
-49.29547111783654
-48.1923663280148
-47.11702444974687
-73.14966578259917
-71.62487290408774
-70.11630293283505
-68.62575415833969
-67.15488482510835
-65.70520615919092
-64.27807785839644
-62.874705941424175
-61.49614279553198
-60.14328921885789
-58.816898222531606
-57.51758033891899
-56.24581017477399
-55.001933950324826
-53.786177775716126
-52.598656432973286
-51.439382452973895
-50.30827530114859
-49.20517051132685
-48.12982863305892
-74.16246996591124
-72.63767708739981
-71.12910711614713
-69.63855834165176
-68.16768900842044
-66.71801034250299
-65.29088204170851
-63.88751012473625
-62.50894697884406
-61.156093402169965
-59.829702405843676
-58.53038452223107
-57.25861435808607
-56.014738133636904
-54.798981959028204
-53.61146061628536
-52.45218663628597
-51.32107948446067
-50.217974694638926
-49.142632816371
-75.1752741492233
-73.65048127071186
-72.14191129945918
-70.65136252496382
-69.18049319173248
-67.73081452581505
-66.30368622502057
-64.90031430804831
-63.52175116215611
-62.168897585482014
-60.84250658915574
-59.543188705543116
-58.27141854139813
-57.02754231694895
-55.81178614234026
-54.62426479959741
-53.46499081959803
-52.333883667772724
-51.23077887795098
-50.155436999683054
-76.18807833253537
-74.66328545402392
-73.15471548277125
-71.66416670827589
-70.19329737504455
-68.74361870912712
-67.31649040833264
-65.91311849136036
-64.53455534546818
-63.181701768794085
-61.8553107724678
-60.55599288885518
-59.28422272471019
-58.04034650026102
-56.82459032565232
-55.63706898290948
-54.47779500291009
-53.34668785108479
-52.243583061263045
-51.16824118299512
-77.20088251584743
-75.67608963733599
-74.16751966608332
-72.67697089158794
-71.20610155835662
-69.75642289243918
-68.3292945916447
-66.92592267467244
-65.54735952878023
-64.19450595210614
-62.868114955779866
-61.56879707216724
-60.297026908022254
-59.05315068357309
-57.83739450896439
-56.649873166221546
-55.490599186222155
-54.35949203439685
-53.25638724457511
-52.18104536630718
-78.21368669915948
-76.68889382064805
-75.18032384939535
-73.6897750749
-72.21890574166866
-70.76922707575123
-69.34209877495675
-67.93872685798448
-66.56016371209229
-65.2073101354182
-63.88091913909191
-62.5816012554793
-61.3098310913343
-60.065954866885136
-58.850198692276436
-57.662677349533595
-56.503403369534205
-55.3722962177089
-54.26919142788716
-53.19384954961923
-79.22649088247155
-77.7016980039601
-76.19312803270742
-74.70257925821207
-73.23170992498073
-71.78203125906329
-70.35490295826882
-68.95153104129655
-67.57296789540436
-66.22011431873027
-64.89372332240397
-63.59440543879136
-62.32263527464637
-61.0787590501972
-59.8630028755885
-58.67548153284566
-57.516207552846275
-56.38510040102097
-55.28199561119923
-54.2066537329313
-80.23929506578361
-78.71450218727217
-77.20593221601949
-75.71538344152412
-74.24451410829279
-72.79483544237536
-71.36770714158088
-69.96433522460862
-68.58577207871642
-67.23291850204232
-65.90652750571604
-64.60720962210343
-63.33543945795844
-62.09156323350927
-60.87580705890057
-59.68828571615773
-58.529011736158346
-57.397904584333034
-56.29479979451129
-55.219457916243364
-81.25209924909568
-79.72730637058423
-78.21873639933155
-76.7281876248362
-75.25731829160486
-73.80763962568743
-72.38051132489295
-70.97713940792067
-69.59857626202849
-68.2457226853544
-66.9193316890281
-65.6200138054155
-64.3482436412705
-63.10436741682133
-61.88861124221263
-60.70108989946979
-59.54181591947041
-58.4107087676451
-57.307603977823355
-56.23226209955543
